Number of nodes 640 
     0 :  0.0000000e+00  1.0000000e+00 
     1 :  0.0000000e+00  0.0000000e+00 
     2 :  1.0000000e+00  1.0000000e+00 
     3 :  1.0000000e+00  7.5000000e-01 
     4 :  5.0000000e-01  7.5000000e-01 
     5 :  5.0000000e-01  2.5000000e-01 
     6 :  1.0000000e+00  2.5000000e-01 
     7 :  1.0000000e+00  0.0000000e+00 
     8 :  0.0000000e+00  9.6428571e-01 
     9 :  0.0000000e+00  8.9285714e-01 
    10 :  0.0000000e+00  8.2142857e-01 
    11 :  0.0000000e+00  7.5000000e-01 
    12 :  0.0000000e+00  6.7857143e-01 
    13 :  0.0000000e+00  6.0714286e-01 
    14 :  0.0000000e+00  5.3571429e-01 
    15 :  0.0000000e+00  4.6428571e-01 
    16 :  0.0000000e+00  3.9285714e-01 
    17 :  0.0000000e+00  3.2142857e-01 
    18 :  0.0000000e+00  2.5000000e-01 
    19 :  0.0000000e+00  1.7857143e-01 
    20 :  0.0000000e+00  1.0714286e-01 
    21 :  0.0000000e+00  3.5714286e-02 
    22 :  0.0000000e+00  9.2857143e-01 
    23 :  0.0000000e+00  8.5714286e-01 
    24 :  0.0000000e+00  7.8571429e-01 
    25 :  0.0000000e+00  7.1428571e-01 
    26 :  0.0000000e+00  6.4285714e-01 
    27 :  0.0000000e+00  5.7142857e-01 
    28 :  0.0000000e+00  5.0000000e-01 
    29 :  0.0000000e+00  4.2857143e-01 
    30 :  0.0000000e+00  3.5714286e-01 
    31 :  0.0000000e+00  2.8571429e-01 
    32 :  0.0000000e+00  2.1428571e-01 
    33 :  0.0000000e+00  1.4285714e-01 
    34 :  0.0000000e+00  7.1428571e-02 
    35 :  9.6428571e-01  1.0000000e+00 
    36 :  8.9285714e-01  1.0000000e+00 
    37 :  8.2142857e-01  1.0000000e+00 
    38 :  7.5000000e-01  1.0000000e+00 
    39 :  6.7857143e-01  1.0000000e+00 
    40 :  6.0714286e-01  1.0000000e+00 
    41 :  5.3571429e-01  1.0000000e+00 
    42 :  4.6428571e-01  1.0000000e+00 
    43 :  3.9285714e-01  1.0000000e+00 
    44 :  3.2142857e-01  1.0000000e+00 
    45 :  2.5000000e-01  1.0000000e+00 
    46 :  1.7857143e-01  1.0000000e+00 
    47 :  1.0714286e-01  1.0000000e+00 
    48 :  3.5714286e-02  1.0000000e+00 
    49 :  9.2857143e-01  1.0000000e+00 
    50 :  8.5714286e-01  1.0000000e+00 
    51 :  7.8571429e-01  1.0000000e+00 
    52 :  7.1428571e-01  1.0000000e+00 
    53 :  6.4285714e-01  1.0000000e+00 
    54 :  5.7142857e-01  1.0000000e+00 
    55 :  5.0000000e-01  1.0000000e+00 
    56 :  4.2857143e-01  1.0000000e+00 
    57 :  3.5714286e-01  1.0000000e+00 
    58 :  2.8571429e-01  1.0000000e+00 
    59 :  2.1428571e-01  1.0000000e+00 
    60 :  1.4285714e-01  1.0000000e+00 
    61 :  7.1428571e-02  1.0000000e+00 
    62 :  1.0000000e+00  7.8125000e-01 
    63 :  1.0000000e+00  8.4375000e-01 
    64 :  1.0000000e+00  9.0625000e-01 
    65 :  1.0000000e+00  9.6875000e-01 
    66 :  1.0000000e+00  8.1250000e-01 
    67 :  1.0000000e+00  8.7500000e-01 
    68 :  1.0000000e+00  9.3750000e-01 
    69 :  9.6428571e-01  7.5000000e-01 
    70 :  8.9285714e-01  7.5000000e-01 
    71 :  8.2142857e-01  7.5000000e-01 
    72 :  7.5000000e-01  7.5000000e-01 
    73 :  6.7857143e-01  7.5000000e-01 
    74 :  6.0714286e-01  7.5000000e-01 
    75 :  5.3571429e-01  7.5000000e-01 
    76 :  9.2857143e-01  7.5000000e-01 
    77 :  8.5714286e-01  7.5000000e-01 
    78 :  7.8571429e-01  7.5000000e-01 
    79 :  7.1428571e-01  7.5000000e-01 
    80 :  6.4285714e-01  7.5000000e-01 
    81 :  5.7142857e-01  7.5000000e-01 
    82 :  4.6442129e-01  7.4745536e-01 
    83 :  3.9614625e-01  7.2740800e-01 
    84 :  3.3628482e-01  6.8893739e-01 
    85 :  2.8968662e-01  6.3516020e-01 
    86 :  2.6012676e-01  5.7043314e-01 
    87 :  2.5000000e-01  5.0000000e-01 
    88 :  2.6012676e-01  4.2956686e-01 
    89 :  2.8968662e-01  3.6483980e-01 
    90 :  3.3628482e-01  3.1106261e-01 
    91 :  3.9614625e-01  2.7259200e-01 
    92 :  4.6442129e-01  2.5254464e-01 
    93 :  4.2956686e-01  7.3987324e-01 
    94 :  3.6483980e-01  7.1031338e-01 
    95 :  3.1106261e-01  6.6371518e-01 
    96 :  2.7259200e-01  6.0385375e-01 
    97 :  2.5254464e-01  5.3557871e-01 
    98 :  2.5254464e-01  4.6442129e-01 
    99 :  2.7259200e-01  3.9614625e-01 
   100 :  3.1106261e-01  3.3628482e-01 
   101 :  3.6483980e-01  2.8968662e-01 
   102 :  4.2956686e-01  2.6012676e-01 
   103 :  5.3571429e-01  2.5000000e-01 
   104 :  6.0714286e-01  2.5000000e-01 
   105 :  6.7857143e-01  2.5000000e-01 
   106 :  7.5000000e-01  2.5000000e-01 
   107 :  8.2142857e-01  2.5000000e-01 
   108 :  8.9285714e-01  2.5000000e-01 
   109 :  9.6428571e-01  2.5000000e-01 
   110 :  5.7142857e-01  2.5000000e-01 
   111 :  6.4285714e-01  2.5000000e-01 
   112 :  7.1428571e-01  2.5000000e-01 
   113 :  7.8571429e-01  2.5000000e-01 
   114 :  8.5714286e-01  2.5000000e-01 
   115 :  9.2857143e-01  2.5000000e-01 
   116 :  1.0000000e+00  3.1250000e-02 
   117 :  1.0000000e+00  9.3750000e-02 
   118 :  1.0000000e+00  1.5625000e-01 
   119 :  1.0000000e+00  2.1875000e-01 
   120 :  1.0000000e+00  6.2500000e-02 
   121 :  1.0000000e+00  1.2500000e-01 
   122 :  1.0000000e+00  1.8750000e-01 
   123 :  3.5714286e-02  0.0000000e+00 
   124 :  1.0714286e-01  0.0000000e+00 
   125 :  1.7857143e-01  0.0000000e+00 
   126 :  2.5000000e-01  0.0000000e+00 
   127 :  3.2142857e-01  0.0000000e+00 
   128 :  3.9285714e-01  0.0000000e+00 
   129 :  4.6428571e-01  0.0000000e+00 
   130 :  5.3571429e-01  0.0000000e+00 
   131 :  6.0714286e-01  0.0000000e+00 
   132 :  6.7857143e-01  0.0000000e+00 
   133 :  7.5000000e-01  0.0000000e+00 
   134 :  8.2142857e-01  0.0000000e+00 
   135 :  8.9285714e-01  0.0000000e+00 
   136 :  9.6428571e-01  0.0000000e+00 
   137 :  7.1428571e-02  0.0000000e+00 
   138 :  1.4285714e-01  0.0000000e+00 
   139 :  2.1428571e-01  0.0000000e+00 
   140 :  2.8571429e-01  0.0000000e+00 
   141 :  3.5714286e-01  0.0000000e+00 
   142 :  4.2857143e-01  0.0000000e+00 
   143 :  5.0000000e-01  0.0000000e+00 
   144 :  5.7142857e-01  0.0000000e+00 
   145 :  6.4285714e-01  0.0000000e+00 
   146 :  7.1428571e-01  0.0000000e+00 
   147 :  7.8571429e-01  0.0000000e+00 
   148 :  8.5714286e-01  0.0000000e+00 
   149 :  9.2857143e-01  0.0000000e+00 
   150 :  7.1854630e-01  1.9245265e-01 
   151 :  6.5176577e-01  1.9157304e-01 
   152 :  1.1436890e-01  7.4815148e-01 
   153 :  1.5304920e-01  8.2417833e-01 
   154 :  3.5937913e-01  7.9474097e-01 
   155 :  2.3064688e-01  1.9471919e-01 
   156 :  6.0482767e-02  4.3576930e-01 
   157 :  5.9066300e-02  4.9451341e-01 
   158 :  6.5669016e-02  5.6350961e-01 
   159 :  5.0281581e-01  9.4115873e-01 
   160 :  8.9288210e-01  9.3755021e-01 
   161 :  5.0468388e-01  8.8268312e-01 
   162 :  9.2858981e-01  8.4378797e-01 
   163 :  3.8122595e-01  1.2624762e-01 
   164 :  5.2499028e-01  2.7919525e-02 
   165 :  4.3015433e-01  8.9059314e-02 
   166 :  5.0162695e-01  8.0964135e-02 
   167 :  2.5037536e-01  1.7112008e-01 
   168 :  2.2563501e-01  5.9587335e-02 
   169 :  1.2017151e-01  4.6600708e-01 
   170 :  1.8889536e-01  3.4932025e-01 
   171 :  4.9441336e-01  1.8870025e-01 
   172 :  3.2591409e-01  2.2605854e-01 
   173 :  5.3708858e-01  2.1923676e-01 
   174 :  3.1753940e-01  1.6503121e-01 
   175 :  3.9995800e-01  7.7975354e-01 
   176 :  3.8253490e-01  7.4746832e-01 
   177 :  2.9770469e-01  9.0551849e-01 
   178 :  1.1016051e-01  9.2983480e-01 
   179 :  2.0219186e-01  5.8125210e-01 
   180 :  1.9427447e-01  4.6510903e-01 
   181 :  7.5209847e-01  1.3275896e-01 
   182 :  8.9302115e-01  1.8833795e-01 
   183 :  5.7339377e-01  8.7885530e-01 
   184 :  8.2146294e-01  7.8132213e-01 
   185 :  8.5719556e-01  8.4385815e-01 
   186 :  5.3804692e-01  8.1916894e-01 
   187 :  6.0829243e-01  9.0840882e-01 
   188 :  5.7288986e-01  8.1635665e-01 
   189 :  7.1452852e-01  8.1302801e-01 
   190 :  7.8581405e-01  8.1270980e-01 
   191 :  6.4342493e-01  9.3855934e-01 
   192 :  7.0666212e-02  6.3681229e-01 
   193 :  7.4608891e-02  7.1127606e-01 
   194 :  1.9697254e-01  2.3802198e-01 
   195 :  8.9288966e-01  9.0631582e-01 
   196 :  5.7156580e-01  9.2929954e-02 
   197 :  6.0765482e-01  9.6635042e-02 
   198 :  4.1334231e-01  1.1867384e-01 
   199 :  7.8554911e-01  9.8900823e-02 
   200 :  7.1968962e-01  1.3663158e-01 
   201 :  5.3994881e-01  1.8765249e-01 
   202 :  4.3371508e-01  9.4177354e-01 
   203 :  4.3862454e-01  8.8527219e-01 
   204 :  2.6088240e-01  5.7296917e-02 
   205 :  5.0390888e-01  8.2395957e-01 
   206 :  6.9916332e-01  7.8258736e-02 
   207 :  8.2208291e-01  1.5902634e-01 
   208 :  3.2579890e-01  2.6570239e-02 
   209 :  4.0997545e-01  2.0689530e-01 
   210 :  4.4253126e-01  7.9388610e-01 
   211 :  2.4652549e-01  2.2184409e-01 
   212 :  1.4233305e-01  3.8009175e-01 
   213 :  3.0656452e-01  1.0967677e-01 
   214 :  3.8335007e-01  8.2774025e-01 
   215 :  1.4700224e-01  9.3063892e-01 
   216 :  7.5022026e-01  8.7545084e-01 
   217 :  7.8585583e-01  8.7528898e-01 
   218 :  5.3868127e-01  8.5029994e-01 
   219 :  6.6371469e-01  1.3533108e-01 
   220 :  3.7387296e-01  1.0087289e-01 
   221 :  3.7502503e-02  8.5747137e-01 
   222 :  3.2518485e-01  9.6920459e-01 
   223 :  2.9579804e-01  5.5151880e-02 
   224 :  8.2183314e-01  1.2821825e-01 
   225 :  7.5133954e-01  2.2073419e-01 
   226 :  7.5237165e-01  1.9149197e-01 
   227 :  2.7309393e-01  2.5747930e-01 
   228 :  3.7153626e-02  3.5192720e-02 
   229 :  3.0264800e-01  8.7444940e-01 
   230 :  3.7253541e-01  8.8210285e-01 
   231 :  1.8116816e-01  9.6590611e-01 
   232 :  4.4263803e-01  8.3335191e-01 
   233 :  1.6439260e-01  5.4758712e-01 
   234 :  2.4466062e-01  1.4486125e-01 
   235 :  2.3239403e-01  8.3127538e-01 
   236 :  1.0864455e-01  9.6495715e-01 
   237 :  4.1367151e-01  8.3191817e-01 
   238 :  2.1090821e-01  3.8961473e-01 
   239 :  1.9533985e-01  7.8990585e-01 
   240 :  4.2218012e-02  1.4178763e-01 
   241 :  1.3688190e-01  1.7286939e-01 
   242 :  2.3815907e-01  1.1727919e-01 
   243 :  1.9701412e-01  7.5066948e-01 
   244 :  3.4389147e-01  8.4958753e-01 
   245 :  1.0707998e-01  3.7331525e-01 
   246 :  8.8904395e-02  1.7701804e-01 
   247 :  6.0764090e-01  7.8261426e-01 
   248 :  8.2149262e-01  9.3762840e-01 
   249 :  6.4317650e-01  7.8204057e-01 
   250 :  5.4661076e-01  1.5511799e-01 
   251 :  6.1686403e-01  1.9000794e-01 
   252 :  6.3169588e-01  1.3072744e-01 
   253 :  6.1162375e-01  2.1995786e-01 
   254 :  3.1216858e-01  1.3707048e-01 
   255 :  1.1300815e-01  8.5883331e-01 
   256 :  1.4490508e-01  9.6536034e-01 
   257 :  3.9599701e-01  9.7050681e-01 
   258 :  8.5718310e-01  8.1258315e-01 
   259 :  7.1441694e-01  7.8154219e-01 
   260 :  8.9287048e-01  7.8127764e-01 
   261 :  6.0841363e-01  8.7756586e-01 
   262 :  3.4076513e-01  1.0563083e-01 
   263 :  3.5410731e-01  1.5953295e-01 
   264 :  3.6825727e-01  7.5717094e-02 
   265 :  3.9059804e-01  8.0279270e-01 
   266 :  2.8685450e-01  7.7136629e-01 
   267 :  4.4084481e-01  8.5844619e-01 
   268 :  1.4737857e-01  6.6872454e-01 
   269 :  1.6445861e-01  3.0693689e-01 
   270 :  1.4168729e-01  6.2955457e-01 
   271 :  3.5080980e-01  8.2148587e-01 
   272 :  2.0250058e-01  3.1455016e-01 
   273 :  4.1080922e-02  2.8935409e-01 
   274 :  4.0442455e-02  1.0592704e-01 
   275 :  1.4912077e-01  8.9567726e-01 
   276 :  3.2498478e-01  7.8425079e-01 
   277 :  9.2859919e-01  9.4424114e-02 
   278 :  8.9302655e-01  1.5737178e-01 
   279 :  8.2106886e-01  3.2643409e-02 
   280 :  8.9297383e-01  1.2624961e-01 
   281 :  2.6586184e-01  8.6996395e-01 
   282 :  6.4222768e-01  1.0090417e-01 
   283 :  2.0080168e-01  4.2631885e-01 
   284 :  2.2481862e-01  4.6476080e-01 
   285 :  6.7359055e-01  1.0786852e-01 
   286 :  6.9158381e-01  1.3988762e-01 
   287 :  7.1567487e-01  1.0861460e-01 
   288 :  1.3631746e-01  5.9106236e-01 
   289 :  2.1168998e-01  6.1956962e-01 
   290 :  1.5326971e-01  6.4865975e-02 
   291 :  3.8545295e-02  3.2579608e-01 
   292 :  1.2764353e-01  1.3610621e-01 
   293 :  7.6910304e-02  3.3072425e-01 
   294 :  1.5961393e-01  9.7115764e-02 
   295 :  2.7611469e-01  3.2780881e-01 
   296 :  2.7805039e-01  8.0440705e-01 
   297 :  3.3819843e-01  8.7865684e-01 
   298 :  2.9941532e-01  7.3896704e-01 
   299 :  5.3875191e-01  8.8060653e-01 
   300 :  9.6429416e-01  9.0626715e-01 
   301 :  5.4808450e-01  5.9266457e-02 
   302 :  4.4992244e-01  1.9742841e-01 
   303 :  1.3557782e-01  2.6009253e-01 
   304 :  1.1513142e-01  3.3655727e-01 
   305 :  7.5961701e-02  7.8539076e-01 
   306 :  3.7164484e-02  7.1277523e-01 
   307 :  2.7131214e-01  8.3729743e-01 
   308 :  6.4360623e-01  9.0770340e-01 
   309 :  7.1460041e-01  9.0687905e-01 
   310 :  6.0760726e-01  9.6955130e-01 
   311 :  9.6428905e-01  7.8125716e-01 
   312 :  9.6429233e-01  9.3751306e-01 
   313 :  9.2857900e-01  7.8126581e-01 
   314 :  7.0796361e-01  3.7193434e-02 
   315 :  5.5996621e-01  3.0034034e-02 
   316 :  4.7394803e-01  7.2889768e-02 
   317 :  3.4709711e-01  1.3228069e-01 
   318 :  4.6225154e-01  9.3415755e-02 
   319 :  5.9665670e-01  1.2704996e-01 
   320 :  5.7507309e-01  2.1937513e-01 
   321 :  4.3944226e-01  1.6884568e-01 
   322 :  7.4244064e-02  3.4544583e-02 
   323 :  2.4275609e-01  3.9301038e-01 
   324 :  5.7220288e-01  7.8374263e-01 
   325 :  8.5719574e-01  9.0635695e-01 
   326 :  8.9289226e-01  8.7507154e-01 
   327 :  6.4714354e-01  2.2064575e-01 
   328 :  5.1823774e-01  1.1831939e-01 
   329 :  6.6899109e-01  3.5501810e-02 
   330 :  3.2934553e-01  2.6272805e-01 
   331 :  6.4362467e-01  8.4541986e-01 
   332 :  5.7273489e-01  9.3967153e-01 
   333 :  8.2151902e-01  8.7518440e-01 
   334 :  6.1999067e-01  6.5868358e-02 
   335 :  5.8385545e-01  6.2651331e-02 
   336 :  3.8110906e-01  2.4618308e-01 
   337 :  7.1656253e-01  2.2111811e-01 
   338 :  6.8533947e-01  1.9266829e-01 
   339 :  6.8197684e-01  2.2113592e-01 
   340 :  3.5330021e-02  6.3993725e-01 
   341 :  7.2867877e-02  6.7397542e-01 
   342 :  3.6361248e-02  6.7632853e-01 
   343 :  4.1293952e-01  7.5932395e-01 
   344 :  2.8437073e-01  6.8423292e-01 
   345 :  8.2151222e-01  9.0641892e-01 
   346 :  7.1460253e-01  8.4441935e-01 
   347 :  7.1462755e-01  8.7570140e-01 
   348 :  4.1844001e-01  8.0846637e-01 
   349 :  2.5639738e-01  2.8908855e-01 
   350 :  2.2174522e-01  1.7586675e-01 
   351 :  1.8986554e-01  6.2146896e-02 
   352 :  7.5020328e-01  9.0665835e-01 
   353 :  6.4316307e-01  9.6930689e-01 
   354 :  8.9288187e-01  8.1255095e-01 
   355 :  1.2427161e-01  2.9916076e-01 
   356 :  1.8403468e-01  3.1241128e-02 
   357 :  3.6168701e-01  1.8770354e-01 
   358 :  3.3028925e-01  5.2956935e-02 
   359 :  6.7905761e-01  9.0721157e-01 
   360 :  7.8576813e-01  7.8136456e-01 
   361 :  5.3674085e-01  9.7021668e-01 
   362 :  7.5015574e-01  8.1283207e-01 
   363 :  8.4826598e-02  1.3993891e-01 
   364 :  1.7728731e-01  3.8548603e-01 
   365 :  2.8830017e-02  4.6464856e-01 
   366 :  1.2098395e-01  1.0132272e-01 
   367 :  3.3268618e-02  3.9722352e-01 
   368 :  6.7877611e-01  7.8172517e-01 
   369 :  9.6429191e-01  8.1251323e-01 
   370 :  7.5008413e-01  7.8143221e-01 
   371 :  6.7894156e-01  9.3821145e-01 
   372 :  8.9288952e-01  8.4381636e-01 
   373 :  8.5716457e-01  7.8129513e-01 
   374 :  8.2149228e-01  8.1263257e-01 
   375 :  9.2858583e-01  9.3752876e-01 
   376 :  6.7895005e-01  8.1334677e-01 
   377 :  7.8584490e-01  8.4402073e-01 
   378 :  7.5015548e-01  9.3780770e-01 
   379 :  8.5701366e-01  6.4045883e-02 
   380 :  8.2101358e-01  6.5043813e-02 
   381 :  9.6431966e-01  1.8772425e-01 
   382 :  8.5701756e-01  3.2098289e-02 
   383 :  8.5746440e-01  1.8882555e-01 
   384 :  9.6432196e-01  1.5654643e-01 
   385 :  9.6431393e-01  1.2532537e-01 
   386 :  8.9281806e-01  3.1758153e-02 
   387 :  7.4749068e-01  3.5008988e-02 
   388 :  9.2865285e-01  1.8798841e-01 
   389 :  9.2857000e-01  6.3023784e-02 
   390 :  7.8474303e-01  3.3538217e-02 
   391 :  8.5735351e-01  1.2703259e-01 
   392 :  7.5277634e-01  1.6225286e-01 
   393 :  1.8668610e-01  8.9737678e-01 
   394 :  7.5133503e-02  8.5797179e-01 
   395 :  3.6433597e-01  9.4017866e-01 
   396 :  8.2206058e-01  1.8950628e-01 
   397 :  8.5716238e-01  9.5708126e-02 
   398 :  8.9289106e-01  9.4936879e-02 
   399 :  5.0146858e-01  9.7055554e-01 
   400 :  4.6820460e-01  9.4169192e-01 
   401 :  4.3116889e-01  9.7078339e-01 
   402 :  4.6629644e-01  9.7077971e-01 
   403 :  7.8584510e-01  9.0651349e-01 
   404 :  8.5718337e-01  9.3758147e-01 
   405 :  7.5020361e-01  8.4417551e-01 
   406 :  9.2859142e-01  8.7504096e-01 
   407 :  2.5720480e-01  9.3495097e-01 
   408 :  3.7841223e-02  7.8545603e-01 
   409 :  1.5436140e-01  7.8705400e-01 
   410 :  1.1118484e-01  3.3662320e-02 
   411 :  1.9633313e-01  9.2639881e-02 
   412 :  8.2443114e-02  2.9359618e-01 
   413 :  7.7356664e-02  6.9181708e-02 
   414 :  5.0171341e-01  7.9237240e-01 
   415 :  6.7877140e-01  9.6912730e-01 
   416 :  8.2151200e-01  8.4392186e-01 
   417 :  7.8448393e-01  6.6748195e-02 
   418 :  8.9282637e-01  6.3427990e-02 
   419 :  4.2673830e-01  6.8254104e-02 
   420 :  5.1405551e-01  5.4857895e-02 
   421 :  4.5904354e-01  2.3761631e-02 
   422 :  2.9072897e-01  2.7697305e-02 
   423 :  4.0586818e-01  8.8441000e-01 
   424 :  4.1978541e-01  2.3438115e-01 
   425 :  6.5691130e-01  7.0186437e-02 
   426 :  7.1555898e-02  3.6706584e-01 
   427 :  2.9813603e-02  4.9774920e-01 
   428 :  3.2867389e-02  5.6769928e-01 
   429 :  6.2762943e-02  5.2798984e-01 
   430 :  3.1416782e-02  5.3222450e-01 
   431 :  2.5762411e-01  3.5961741e-01 
   432 :  9.6430050e-01  9.4054833e-02 
   433 :  7.8658338e-01  1.3002866e-01 
   434 :  9.2856157e-01  3.1536043e-02 
   435 :  8.2138761e-01  9.6922926e-02 
   436 :  7.8695381e-01  1.9041394e-01 
   437 :  9.2863482e-01  1.2571596e-01 
   438 :  6.8243012e-02  5.9993268e-01 
   439 :  3.4155983e-02  6.0368772e-01 
   440 :  5.8708184e-01  1.5760888e-01 
   441 :  2.4375537e-01  6.1204954e-01 
   442 :  1.9309491e-01  5.0459731e-01 
   443 :  2.2550499e-01  5.3925795e-01 
   444 :  2.2285475e-01  5.0212518e-01 
   445 :  6.3192548e-01  3.3529217e-02 
   446 :  4.5067016e-01  6.6791046e-02 
   447 :  2.6023755e-01  6.4817993e-01 
   448 :  2.2389008e-01  3.5468998e-01 
   449 :  1.7883825e-01  2.7142392e-01 
   450 :  5.5660648e-02  4.6502177e-01 
   451 :  6.6212433e-02  4.0243997e-01 
   452 :  3.0637269e-02  4.3163160e-01 
   453 :  1.8962477e-01  8.6254109e-01 
   454 :  2.3739452e-01  7.9546240e-01 
   455 :  2.5350532e-01  9.6743282e-01 
   456 :  4.6007863e-01  7.8206330e-01 
   457 :  4.2495376e-01  7.8735603e-01 
   458 :  4.3962421e-01  7.6961303e-01 
   459 :  2.2803197e-01  8.6580340e-01 
   460 :  4.0242189e-01  9.1247676e-01 
   461 :  2.2064973e-01  9.3320998e-01 
   462 :  7.5639858e-02  7.4849097e-01 
   463 :  3.0106381e-01  8.2440591e-02 
   464 :  3.3519927e-01  7.9261481e-02 
   465 :  3.9423244e-01  2.4215858e-02 
   466 :  1.1467936e-01  7.8578441e-01 
   467 :  1.8386577e-01  9.3175525e-01 
   468 :  3.6996102e-01  7.6986079e-01 
   469 :  3.1784297e-01  7.1176358e-01 
   470 :  4.0010687e-01  1.7912419e-01 
   471 :  4.5450547e-01  4.6420260e-02 
   472 :  3.9016182e-01  1.5222688e-01 
   473 :  4.4779027e-01  8.2911046e-02 
   474 :  1.0612466e-01  6.3337996e-01 
   475 :  9.8582904e-02  5.5848706e-01 
   476 :  1.0233569e-01  5.9571360e-01 
   477 :  1.5119017e-01  8.6027682e-01 
   478 :  3.7121675e-02  8.9323485e-01 
   479 :  3.3336438e-01  9.0840942e-01 
   480 :  1.6748909e-01  1.2924515e-01 
   481 :  2.3933181e-01  3.2126126e-01 
   482 :  2.0371931e-01  1.2242635e-01 
   483 :  9.0012853e-02  4.4366010e-01 
   484 :  1.3263792e-01  4.1882444e-01 
   485 :  9.9365667e-02  4.0951690e-01 
   486 :  7.1987836e-01  1.6424576e-01 
   487 :  6.5710543e-01  1.6303942e-01 
   488 :  6.8864228e-01  1.6517653e-01 
   489 :  1.1276645e-01  7.0987508e-01 
   490 :  1.0978167e-01  6.7147192e-01 
   491 :  4.9134791e-01  1.5299545e-01 
   492 :  4.9137032e-01  2.5592799e-02 
   493 :  4.6047285e-01  1.2864404e-01 
   494 :  8.7847067e-02  2.5543531e-01 
   495 :  2.7224241e-01  1.1332243e-01 
   496 :  6.0800822e-01  9.3904197e-01 
   497 :  5.3765661e-01  9.4041525e-01 
   498 :  6.4344857e-01  8.1387602e-01 
   499 :  6.7906432e-01  8.4480551e-01 
   500 :  5.3836574e-01  9.1057337e-01 
   501 :  3.6041022e-01  2.5381323e-02 
   502 :  7.4316038e-02  8.9374084e-01 
   503 :  3.1579800e-01  8.1352202e-01 
   504 :  5.0479780e-01  8.5352169e-01 
   505 :  6.0806975e-01  8.1477753e-01 
   506 :  9.2858545e-01  8.1252915e-01 
   507 :  2.1986277e-01  2.9980433e-02 
   508 :  1.1568722e-01  6.7340763e-02 
   509 :  4.3621263e-01  9.1317965e-01 
   510 :  2.1738929e-01  9.6660446e-01 
   511 :  2.8191011e-01  2.2605109e-01 
   512 :  1.5258495e-01  3.4315312e-01 
   513 :  1.7710714e-01  6.2515743e-01 
   514 :  3.6069092e-01  9.6996011e-01 
   515 :  1.6985943e-01  5.8627150e-01 
   516 :  3.7659351e-02  7.4918115e-01 
   517 :  2.6125540e-01  9.0248598e-01 
   518 :  1.1410356e-01  8.2264648e-01 
   519 :  9.6429467e-01  8.7501863e-01 
   520 :  5.0393984e-01  9.1186369e-01 
   521 :  5.3690128e-01  7.8621270e-01 
   522 :  9.6428414e-01  3.1378606e-02 
   523 :  9.2865706e-01  1.5689870e-01 
   524 :  7.3384759e-02  9.2927635e-01 
   525 :  2.8945213e-01  9.6832939e-01 
   526 :  1.6025953e-01  4.6546780e-01 
   527 :  1.6760748e-01  4.2364494e-01 
   528 :  4.7186931e-01  8.3015402e-01 
   529 :  4.7136850e-01  8.8453555e-01 
   530 :  4.7220963e-01  8.5685611e-01 
   531 :  7.4623923e-01  6.9968710e-02 
   532 :  1.9598696e-01  5.4322644e-01 
   533 :  4.4170856e-01  1.0822028e-01 
   534 :  3.6394386e-01  5.0601219e-02 
   535 :  5.5906620e-01  1.2351570e-01 
   536 :  4.6994098e-01  9.1288666e-01 
   537 :  5.3488275e-01  8.8280102e-02 
   538 :  4.8529376e-01  1.0623163e-01 
   539 :  4.9730322e-01  2.2046892e-01 
   540 :  4.4349919e-01  8.1116406e-01 
   541 :  3.2910160e-01  9.3864069e-01 
   542 :  2.3173044e-01  8.8747826e-02 
   543 :  2.8227376e-01  1.6841411e-01 
   544 :  1.4781727e-01  3.2520442e-02 
   545 :  6.4367816e-01  8.7667828e-01 
   546 :  5.7330480e-01  8.4794510e-01 
   547 :  7.8581442e-01  9.3769961e-01 
   548 :  7.1452600e-01  9.3797045e-01 
   549 :  9.2859004e-01  9.0628771e-01 
   550 :  5.7318254e-01  9.0937061e-01 
   551 :  3.0853545e-01  8.4371967e-01 
   552 :  2.9338598e-01  9.3682887e-01 
   553 :  8.5720001e-01  8.7511642e-01 
   554 :  1.5231932e-01  2.1563630e-01 
   555 :  2.6651660e-01  8.5469477e-02 
   556 :  2.1720723e-01  2.1235155e-01 
   557 :  2.3376914e-01  2.5002702e-01 
   558 :  9.6429387e-01  8.4376725e-01 
   559 :  2.1787096e-01  2.8125424e-01 
   560 :  4.3770415e-02  1.7821212e-01 
   561 :  3.5926113e-02  3.6180028e-01 
   562 :  1.7807555e-01  1.6092485e-01 
   563 :  2.2546837e-01  6.6004689e-01 
   564 :  2.4943812e-01  7.1026268e-01 
   565 :  1.2686757e-01  5.1310488e-01 
   566 :  8.8377223e-02  4.8778751e-01 
   567 :  9.4559971e-02  5.2200038e-01 
   568 :  9.6428885e-01  6.2735965e-02 
   569 :  7.8705411e-01  1.6041568e-01 
   570 :  2.1224275e-01  1.5074839e-01 
   571 :  4.0957839e-01  8.5740805e-01 
   572 :  7.5731951e-02  8.2187911e-01 
   573 :  3.2221977e-01  1.9429523e-01 
   574 :  3.7013293e-01  2.1683604e-01 
   575 :  1.9528979e-01  7.0818502e-01 
   576 :  8.5747190e-01  1.5804725e-01 
   577 :  4.3260143e-02  2.5248089e-01 
   578 :  9.1636010e-02  2.1599435e-01 
   579 :  1.6086580e-01  5.0783805e-01 
   580 :  3.5055928e-01  7.3203652e-01 
   581 :  4.2700981e-01  2.3446166e-02 
   582 :  4.4433618e-02  2.1525910e-01 
   583 :  3.7747734e-01  8.5429785e-01 
   584 :  6.2342295e-01  1.6024114e-01 
   585 :  4.5780412e-01  2.2576757e-01 
   586 :  2.8448464e-01  1.9654512e-01 
   587 :  2.5321832e-01  1.9634464e-01 
   588 :  1.9260241e-01  8.2690252e-01 
   589 :  1.1164338e-01  8.9450825e-01 
   590 :  5.7996925e-01  1.8854860e-01 
   591 :  3.9610655e-01  4.8204535e-02 
   592 :  3.9918593e-01  7.1861580e-02 
   593 :  2.3244835e-01  5.7586175e-01 
   594 :  8.0874382e-02  1.0418223e-01 
   595 :  4.6896760e-01  8.0490920e-01 
   596 :  7.2407827e-02  9.6466819e-01 
   597 :  3.7764632e-02  8.2155358e-01 
   598 :  3.9915752e-01  9.4126341e-01 
   599 :  7.7712927e-02  4.6552397e-01 
   600 :  2.7773994e-01  1.4089564e-01 
   601 :  6.7910140e-01  8.7608772e-01 
   602 :  4.0445382e-01  9.5331294e-02 
   603 :  4.8301679e-01  5.0041672e-02 
   604 :  3.6822704e-01  9.1082136e-01 
   605 :  5.7212540e-01  9.6986198e-01 
   606 :  5.9572792e-01  3.1792882e-02 
   607 :  2.4315063e-01  7.5684177e-01 
   608 :  1.3152000e-01  5.5267886e-01 
   609 :  1.5237993e-01  7.0871818e-01 
   610 :  1.9391561e-01  1.9071548e-01 
   611 :  1.5448262e-01  7.4857049e-01 
   612 :  7.4983712e-01  1.0221584e-01 
   613 :  2.2416051e-01  8.9967458e-01 
   614 :  4.2538690e-01  1.4287055e-01 
   615 :  2.3167107e-01  4.2811364e-01 
   616 :  6.9338829e-01  1.1908532e-01 
   617 :  1.8592328e-01  6.6539573e-01 
   618 :  2.9876113e-01  2.9677558e-01 
   619 :  3.3664296e-01  7.5668274e-01 
   620 :  6.0834049e-01  8.4639882e-01 
   621 :  4.2618105e-01  4.6363799e-02 
   622 :  3.8727693e-02  7.0453389e-02 
   623 :  2.5540262e-01  2.8808753e-02 
   624 :  7.1441573e-01  9.6900110e-01 
   625 :  7.5008420e-01  9.6891498e-01 
   626 :  7.8576852e-01  9.6885739e-01 
   627 :  8.2146326e-01  9.6881922e-01 
   628 :  8.5716482e-01  9.6879397e-01 
   629 :  8.9287071e-01  9.6877711e-01 
   630 :  9.2857930e-01  9.6876551e-01 
   631 :  9.6428936e-01  9.6875703e-01 
   632 :  7.8644313e-01  2.2024167e-01 
   633 :  8.2180945e-01  2.1979739e-01 
   634 :  8.5733884e-01  2.1945081e-01 
   635 :  8.9295729e-01  2.1919657e-01 
   636 :  9.2862096e-01  2.1901156e-01 
   637 :  9.6430632e-01  2.1887052e-01 
   638 :  3.6674166e-02  9.2888272e-01 
   639 :  3.6196679e-02  9.6445723e-01 
Number of edges 150 
     0 :      0      8 
     1 :      8     22 
     2 :     22      9 
     3 :      9     23 
     4 :     23     10 
     5 :     10     24 
     6 :     24     11 
     7 :     11     25 
     8 :     25     12 
     9 :     12     26 
    10 :     26     13 
    11 :     13     27 
    12 :     27     14 
    13 :     14     28 
    14 :     28     15 
    15 :     15     29 
    16 :     29     16 
    17 :     16     30 
    18 :     30     17 
    19 :     17     31 
    20 :     31     18 
    21 :     18     32 
    22 :     32     19 
    23 :     19     33 
    24 :     33     20 
    25 :     20     34 
    26 :     34     21 
    27 :     21      1 
    28 :      2     35 
    29 :     35     49 
    30 :     49     36 
    31 :     36     50 
    32 :     50     37 
    33 :     37     51 
    34 :     51     38 
    35 :     38     52 
    36 :     52     39 
    37 :     39     53 
    38 :     53     40 
    39 :     40     54 
    40 :     54     41 
    41 :     41     55 
    42 :     55     42 
    43 :     42     56 
    44 :     56     43 
    45 :     43     57 
    46 :     57     44 
    47 :     44     58 
    48 :     58     45 
    49 :     45     59 
    50 :     59     46 
    51 :     46     60 
    52 :     60     47 
    53 :     47     61 
    54 :     61     48 
    55 :     48      0 
    56 :      3     62 
    57 :     62     66 
    58 :     66     63 
    59 :     63     67 
    60 :     67     64 
    61 :     64     68 
    62 :     68     65 
    63 :     65      2 
    64 :      3     69 
    65 :     69     76 
    66 :     76     70 
    67 :     70     77 
    68 :     77     71 
    69 :     71     78 
    70 :     78     72 
    71 :     72     79 
    72 :     79     73 
    73 :     73     80 
    74 :     80     74 
    75 :     74     81 
    76 :     81     75 
    77 :     75      4 
    78 :      4     82 
    79 :     82     93 
    80 :     93     83 
    81 :     83     94 
    82 :     94     84 
    83 :     84     95 
    84 :     95     85 
    85 :     85     96 
    86 :     96     86 
    87 :     86     97 
    88 :     97     87 
    89 :     87     98 
    90 :     98     88 
    91 :     88     99 
    92 :     99     89 
    93 :     89    100 
    94 :    100     90 
    95 :     90    101 
    96 :    101     91 
    97 :     91    102 
    98 :    102     92 
    99 :     92      5 
   100 :      5    103 
   101 :    103    110 
   102 :    110    104 
   103 :    104    111 
   104 :    111    105 
   105 :    105    112 
   106 :    112    106 
   107 :    106    113 
   108 :    113    107 
   109 :    107    114 
   110 :    114    108 
   111 :    108    115 
   112 :    115    109 
   113 :    109      6 
   114 :      7    116 
   115 :    116    120 
   116 :    120    117 
   117 :    117    121 
   118 :    121    118 
   119 :    118    122 
   120 :    122    119 
   121 :    119      6 
   122 :      1    123 
   123 :    123    137 
   124 :    137    124 
   125 :    124    138 
   126 :    138    125 
   127 :    125    139 
   128 :    139    126 
   129 :    126    140 
   130 :    140    127 
   131 :    127    141 
   132 :    141    128 
   133 :    128    142 
   134 :    142    129 
   135 :    129    143 
   136 :    143    130 
   137 :    130    144 
   138 :    144    131 
   139 :    131    145 
   140 :    145    132 
   141 :    132    146 
   142 :    146    133 
   143 :    133    147 
   144 :    147    134 
   145 :    134    148 
   146 :    148    135 
   147 :    135    149 
   148 :    149    136 
   149 :    136      7 
Number of quads 564 
     0 :    494    412    273    577
     1 :    350    167    587    155
     2 :    543    174    573    586
     3 :    503    276    154    271
     4 :    638    478    502    524
     5 :    502    394    255    589
     6 :    311    313     76     69
     7 :    625    624    548    378
     8 :    628    627    248    404
     9 :    308    187    261    545
    10 :    499    331    498    376
    11 :    259    368     73     79
    12 :    309    359    601    347
    13 :    549    195    326    406
    14 :    357    573    174    263
    15 :    321    470    472    614
    16 :    539    173    103      5
    17 :    329    445    145    132
    18 :    252    319    197    282
    19 :    320    253    104    110
    20 :    440    584    251    590
    21 :    603    471    421    492
    22 :    413    622    228    322
    23 :    561    367     16     30
    24 :    333    217    377    416
    25 :    184    360     78     71
    26 :    372    185    258    354
    27 :    506    354    260    313
    28 :    424    102     91    336
    29 :    201    590    320    173
    30 :    491    171    302    321
    31 :    492    421    129    143
    32 :    618     90    100    295
    33 :    618    330    101     90
    34 :    415    353    191    371
    35 :    550    500    299    183
    36 :    546    218    186    188
    37 :    353    310    496    191
    38 :    358    208    501    534
    39 :    602    592    419    165
    40 :    614    472    163    198
    41 :    336     91    101    330
    42 :    151    338    339    327
    43 :    327    339    105    111
    44 :    339    337    112    105
    45 :    338    150    337    339
    46 :    192    341    342    340
    47 :    340    342     12     26
    48 :    342    306     25     12
    49 :    341    193    306    342
    50 :    467    393    613    461
    51 :    548    371    359    309
    52 :    217    216    405    377
    53 :    406    326    372    162
    54 :    346    499    376    189
    55 :    564    575    617    563
    56 :    613    459    281    517
    57 :    580     94     83    176
    58 :    245    212    484    485
    59 :    542    555    495    242
    60 :    292    363    594    366
    61 :     67    519    558     63
    62 :    377    405    362    190
    63 :    249    247     74     80
    64 :    325    345    333    553
    65 :    448    481    295    431
    66 :    355    304    293    412
    67 :    578    494    577    582
    68 :    349    227    330    618
    69 :    328    538    166    537
    70 :    206    425    329    314
    71 :    440    319    252    584
    72 :    445    606    131    145
    73 :     54     41    361    605
    74 :    190    362    370    360
    75 :    629    628    404    160
    76 :    378    548    309    352
    77 :    624    415    371    548
    78 :    371    191    308    359
    79 :    331    620    505    498
    80 :    553    333    416    185
    81 :    554    610    556    194
    82 :    594    274    622    413
    83 :    303    449    269    355
    84 :    170    272    481    448
    85 :    366    594    413    508
    86 :    365    427     28     15
    87 :    365     15     29    452
    88 :    310    605    332    496
    89 :     53     40    310    353
    90 :    498    505    247    249
    91 :    497    159    520    500
    92 :    354    258    373    260
    93 :    373    184     71     77
    94 :     65    631    312     68
    95 :    195    325    553    326
    96 :    183    299    218    546
    97 :     62    311     69      3
    98 :     39     53    353    415
    99 :    247    324     81     74
   100 :     40     54    605    310
   101 :    370    259     79     72
   102 :    416    377    190    374
   103 :    500    520    161    299
   104 :    277    398    418    389
   105 :    418    379    382    386
   106 :    278    576    391    280
   107 :    396    436    569    207
   108 :    435    199    417    380
   109 :    522    434    149    136
   110 :    120    568    522    116
   111 :    280    391    397    398
   112 :    117    432    568    120
   113 :    387    314    146    133
   114 :    523    278    280    437
   115 :    113    106    225    632
   116 :    279    390    147    134
   117 :    569    392    181    433
   118 :    398    397    379    418
   119 :    121    385    432    117
   120 :    633    632    436    396
   121 :    225    337    150    226
   122 :    634    633    396    383
   123 :    224    433    199    435
   124 :    214    265    348    237
   125 :    453    588    235    459
   126 :     57    514    257     43
   127 :    379    380    279    382
   128 :    106    112    337    225
   129 :    433    181    612    199
   130 :    122    381    384    118
   131 :     56    401    402     42
   132 :     42    402    399     55
   133 :    402    400    159    399
   134 :    401    202    400    402
   135 :    360    370     72     78
   136 :     66    369    311     62
   137 :    326    553    185    372
   138 :    300    549    406    519
   139 :    258    374    184    373
   140 :    630    629    160    375
   141 :    359    308    545    601
   142 :    216    347    346    405
   143 :     22      9    478    638
   144 :    407    517    177    552
   145 :     58    525    222     44
   146 :    230    583    571    423
   147 :    212    512    170    364
   148 :    482    242    234    570
   149 :    366    508    290    294
   150 :    495    213    254    600
   151 :    299    161    504    218
   152 :    345    403    217    333
   153 :     52     39    415    624
   154 :    627    626    547    248
   155 :    434    386    135    149
   156 :    384    523    437    385
   157 :    417    531    387    390
   158 :    116    522    136      7
   159 :    470    209    574    357
   160 :    319    535    196    197
   161 :    472    263    317    163
   162 :    223    422    208    358
   163 :    240     33     20    274
   164 :    557    211    511    227
   165 :    541    479    604    395
   166 :    305    462    152    466
   167 :     46    231    510     59
   168 :    464    358    534    264
   169 :    357    574    172    573
   170 :    253    327    111    104
   171 :    534    501    465    591
   172 :    364    170    448    238
   173 :    363    240    274    594
   174 :    544    138    125    356
   175 :    560     19     33    240
   176 :    430    429    158    428
   177 :    430     14     28    427
   178 :    430    428     27     14
   179 :    323     99     88    615
   180 :    323    431     89     99
   181 :    100     89    431    295
   182 :    632    225    226    436
   183 :    207    569    433    224
   184 :    381    388    523    384
   185 :    531    206    314    387
   186 :    380    417    390    279
   187 :    199    612    531    417
   188 :    182    383    576    278
   189 :    635    634    383    182
   190 :    392    486    200    181
   191 :    391    224    435    397
   192 :    385    437    277    432
   193 :    568    389    434    522
   194 :     48    639    596     61
   195 :    571    237    232    267
   196 :    158    438    439    428
   197 :    428    439     13     27
   198 :    439    340     26     13
   199 :    438    192    340    439
   200 :    315    164    130    144
   201 :    250    440    590    201
   202 :    321    302    209    470
   203 :    443    444     87     97
   204 :    564    563    447    344
   205 :     98     87    444    284
   206 :    444    442    180    284
   207 :    344    447     85     95
   208 :    250    535    319    440
   209 :    302    585    424    209
   210 :    493    533    318    538
   211 :    621    581    421    471
   212 :    619    580    176    468
   213 :     85    447    441     96
   214 :    513    270    288    515
   215 :    293    426    561    291
   216 :    227    511    172    330
   217 :    559    557    227    349
   218 :    365    450    157    427
   219 :     29     16    367    452
   220 :    365    452    156    450
   221 :    452    367    451    156
   222 :    611    609    575    243
   223 :    518    466    409    153
   224 :    257    598    202    401
   225 :    281    307    551    229
   226 :    210    457    458    456
   227 :    456    458     82      4
   228 :    458    343     93     82
   229 :    457    175    343    458
   230 :    275    477    453    393
   231 :    239    243    607    454
   232 :    297    244    583    230
   233 :    255    518    153    477
   234 :    551    503    271    244
   235 :    462    193    489    152
   236 :    589    255    477    275
   237 :    244    271    214    583
   238 :    265    175    457    348
   239 :     11     25    306    516
   240 :    422    140    127    208
   241 :    166    316    603    420
   242 :    491    328    535    250
   243 :    213    463    464    262
   244 :     24     11    516    408
   245 :    154    468    175    265
   246 :    459    235    307    281
   247 :    176     83     93    343
   248 :    538    318    316    166
   249 :    539      5     92    585
   250 :    219    252    282    285
   251 :    196    537    301    335
   252 :    192    438    476    474
   253 :    268    490    474    270
   254 :    525    552    541    222
   255 :    438    158    475    476
   256 :    597    408    305    572
   257 :    596    524    178    236
   258 :     44    222    514     57
   259 :    152    489    609    611
   260 :    290    544    356    351
   261 :    578    582    560    246
   262 :    554    578    246    241
   263 :    512    269    272    170
   264 :    451    485    483    156
   265 :    485    484    169    483
   266 :    577    273     31     18
   267 :    150    338    488    486
   268 :    486    488    286    200
   269 :    488    487    219    286
   270 :    338    151    487    488
   271 :    193    341    490    489
   272 :    344     95     84    469
   273 :    575    609    268    617
   274 :    341    192    474    490
   275 :    491    250    201    171
   276 :    581    142    129    421
   277 :    425    334    445    329
   278 :    493    614    198    533
   279 :    480    294    411    482
   280 :    554    241    562    610
   281 :    269    449    559    272
   282 :    312    375    549    300
   283 :    620    546    188    505
   284 :    218    504    205    186
   285 :    347    601    499    346
   286 :    185    416    374    258
   287 :     41     55    399    361
   288 :    369    506    313    311
   289 :    317    254    213    262
   290 :    197    196    335    334
   291 :    209    424    336    574
   292 :    163    317    262    220
   293 :    516    306    193    462
   294 :    270    474    476    288
   295 :    478    221    394    502
   296 :    545    261    620    331
   297 :    352    309    347    216
   298 :     64    300    519     67
   299 :    403    352    216    217
   300 :    426    451    367    561
   301 :    303    355    412    494
   302 :    245    485    451    426
   303 :    600    254    174    543
   304 :    588    239    454    235
   305 :    222    541    395    514
   306 :    394    572    518    255
   307 :    598    460    509    202
   308 :    274     20     34    622
   309 :    204    223    463    555
   310 :    610    562    570    350
   311 :    484    212    364    527
   312 :    593    443     97     86
   313 :     60    256    231     46
   314 :     10     24    408    597
   315 :    607    564    298    266
   316 :     23     10    597    221
   317 :    307    296    503    551
   318 :    558    162    506    369
   319 :    519    406    162    558
   320 :    404    248    345    325
   321 :    631    630    375    312
   322 :    436    226    392    569
   323 :    612    287    206    531
   324 :     45    455    525     58
   325 :    153    409    239    588
   326 :    348    457    210    540
   327 :    169    484    527    526
   328 :    526    527    283    180
   329 :    570    234    167    350
   330 :    161    529    530    504
   331 :    504    530    528    205
   332 :    530    267    232    528
   333 :    529    203    267    530
   334 :    383    396    207    576
   335 :    119    637    381    122
   336 :    637    636    388    381
   337 :    576    207    224    391
   338 :    532    442    444    443
   339 :    233    608    565    579
   340 :    617    513    289    563
   341 :    491    321    614    493
   342 :    264    534    591    592
   343 :    574    336    330    172
   344 :    314    329    132    146
   345 :    159    400    536    520
   346 :    520    536    529    161
   347 :    536    509    203    529
   348 :    400    202    509    536
   349 :    584    487    151    251
   350 :    171    201    173    539
   351 :    263    174    254    317
   352 :    285    282    425    206
   353 :    236    178    215    256
   354 :    583    214    237    571
   355 :    221    597    572    394
   356 :    237    348    540    232
   357 :    273    291     17     31
   358 :    527    364    238    283
   359 :    304    245    426    293
   360 :    582     32     19    560
   361 :    547    378    352    403
   362 :     68    312    300     64
   363 :    186    205    414    521
   364 :    361    399    159    497
   365 :    376    498    249    368
   366 :    601    545    331    499
   367 :    261    183    546    620
   368 :    191    496    187    308
   369 :    505    188    324    247
   370 :    375    160    195    549
   371 :    405    346    189    362
   372 :    162    372    354    506
   373 :    469     84     94    580
   374 :    552    177    479    541
   375 :    454    607    266    296
   376 :    605    361    497    332
   377 :     63    558    369     66
   378 :    189    376    368    259
   379 :    313    260     70     76
   380 :    246    560    240    363
   381 :    125    139    507    356
   382 :    410    124    138    544
   383 :    626    625    378    547
   384 :    187    550    183    261
   385 :    368    249     80     73
   386 :    188    186    521    324
   387 :    409    611    243    239
   388 :    288    476    475    608
   389 :    241    246    363    292
   390 :    283    238    323    615
   391 :    242    495    600    234
   392 :    617    268    270    513
   393 :    572    305    466    518
   394 :    608    475    567    565
   395 :    157    566    567    429
   396 :    429    567    475    158
   397 :    515    288    608    233
   398 :    566    169    565    567
   399 :    388    182    278    523
   400 :    386    382    148    135
   401 :    636    635    182    388
   402 :    382    279    134    148
   403 :    412    293    291    273
   404 :    292    366    294    480
   405 :    243    575    564    607
   406 :    271    154    265    214
   407 :    460    423    203    509
   408 :    262    464    264    220
   409 :    470    357    263    472
   410 :    282    197    334    425
   411 :    501    141    128    465
   412 :    266    298    619    276
   413 :     47    236    256     60
   414 :    437    280    398    277
   415 :    181    200    287    612
   416 :    390    387    133    147
   417 :    126    140    422    623
   418 :    241    292    480    562
   419 :    511    586    573    172
   420 :    481    349    618    295
   421 :    211    587    586    511
   422 :    449    194    557    559
   423 :    442    579    526    180
   424 :    579    565    169    526
   425 :     43    257    401     56
   426 :    276    619    468    154
   427 :    468    176    343    175
   428 :    220    264    592    602
   429 :    533    198    602    165
   430 :    585     92    102    424
   431 :    562    480    482    570
   432 :    554    303    494    578
   433 :    238    448    431    323
   434 :    555    463    213    495
   435 :     59    510    455     45
   436 :     61    596    236     47
   437 :    466    152    611    409
   438 :    335    301    315    606
   439 :    251    151    327    253
   440 :    591    465    581    621
   441 :    537    166    420    301
   442 :    272    559    349    481
   443 :    355    269    512    304
   444 :    228     21      1    123
   445 :    622     34     21    228
   446 :    296    266    276    503
   447 :    408    516    462    305
   448 :    524    502    589    178
   449 :    395    604    460    598
   450 :    592    591    621    419
   451 :    164    492    143    130
   452 :    419    621    471    446
   453 :    208    127    141    501
   454 :    590    251    253    320
   455 :    533    165    473    318
   456 :    318    473    446    316
   457 :    316    446    471    603
   458 :    593     86     96    441
   459 :    268    609    489    490
   460 :    194    556    211    557
   461 :    351    168    542    411
   462 :    610    350    155    556
   463 :    210    456    595    540
   464 :    540    595    528    232
   465 :    595    414    205    528
   466 :    456      4    414    595
   467 :    231    467    461    510
   468 :    177    229    297    479
   469 :    393    453    459    613
   470 :    229    551    244    297
   471 :    564    344    469    298
   472 :      9     23    221    478
   473 :    235    454    296    307
   474 :    178    589    275    215
   475 :    168    204    555    542
   476 :    410    322    137    124
   477 :    582    577     18     32
   478 :    156    483    599    450
   479 :    157    450    599    566
   480 :    430    427    157    429
   481 :    483    169    566    599
   482 :    507    623    204    168
   483 :    304    512    212    245
   484 :    234    600    543    167
   485 :    260    373     77     70
   486 :    160    404    325    195
   487 :    496    332    550    187
   488 :    606    315    144    131
   489 :    465    128    142    581
   490 :    173    320    110    103
   491 :    584    252    219    487
   492 :    171    539    585    302
   493 :    423    571    267    203
   494 :    604    230    423    460
   495 :    455    407    552    525
   496 :    324    521     75     81
   497 :    521    414      4     75
   498 :    362    189    259    370
   499 :    420    603    492    164
   500 :    463    223    358    464
   501 :    491    493    538    328
   502 :    510    461    407    455
   503 :    639    638    524    596
   504 :    215    275    393    467
   505 :    289    179    593    441
   506 :    139    126    623    507
   507 :    356    507    168    351
   508 :    515    233    532    179
   509 :    479    297    230    604
   510 :    179    532    443    593
   511 :    322    228    123    137
   512 :    461    613    517    407
   513 :    477    153    588    453
   514 :    118    384    385    121
   515 :    397    435    380    379
   516 :    389    418    386    434
   517 :    432    277    389    568
   518 :    226    150    486    392
   519 :    514    395    598    257
   520 :    517    281    229    177
   521 :    165    419    446    473
   522 :    334    335    606    445
   523 :    615     88     98    284
   524 :    284    180    283    615
   525 :    206    287    616    285
   526 :    285    616    286    219
   527 :    287    200    286    616
   528 :    513    515    179    289
   529 :    233    579    442    532
   530 :    298    469    580    619
   531 :    291    561     30     17
   532 :    623    422    223    204
   533 :    508    413    322    410
   534 :    508    410    544    290
   535 :    294    290    351    411
   536 :    411    542    242    482
   537 :    554    194    449    303
   538 :    563    289    441    447
   539 :    256    215    467    231
   540 :    248    547    403    345
   541 :    374    190    360    184
   542 :    332    497    500    550
   543 :    535    328    537    196
   544 :    198    163    220    602
   545 :    301    420    164    315
   546 :    556    155    587    211
   547 :    167    543    586    587
   548 :     38     52    624    625
   549 :     51     38    625    626
   550 :     37     51    626    627
   551 :     50     37    627    628
   552 :     36     50    628    629
   553 :     49     36    629    630
   554 :     35     49    630    631
   555 :      2     35    631     65
   556 :    107    113    632    633
   557 :    114    107    633    634
   558 :    108    114    634    635
   559 :    115    108    635    636
   560 :    109    115    636    637
   561 :      6    109    637    119
   562 :      8     22    638    639
   563 :      0      8    639     48
Number of domains 8
  Domain :      0 
  Name : Symmetry
  Number of elements :     28
     0     1     2     3     4     5     6     7     8     9
    10    11    12    13    14    15    16    17    18    19
    20    21    22    23    24    25    26    27
  Domain :      1 
  Name : Entity 1 
  Number of elements :     28
    28    29    30    31    32    33    34    35    36    37
    38    39    40    41    42    43    44    45    46    47
    48    49    50    51    52    53    54    55
  Domain :      2 
  Name : Entity 2 
  Number of elements :      8
    56    57    58    59    60    61    62    63
  Domain :      3 
  Name : Entity 3 
  Number of elements :     14
    64    65    66    67    68    69    70    71    72    73
    74    75    76    77
  Domain :      4 
  Name : Entity 4 
  Number of elements :     22
    78    79    80    81    82    83    84    85    86    87
    88    89    90    91    92    93    94    95    96    97
    98    99
  Domain :      5 
  Name : Entity 5 
  Number of elements :     14
   100   101   102   103   104   105   106   107   108   109
   110   111   112   113
  Domain :      6 
  Name : Entity 6 
  Number of elements :      8
   114   115   116   117   118   119   120   121
  Domain :      7 
  Name : Bottom
  Number of elements :     28
   122   123   124   125   126   127   128   129   130   131
   132   133   134   135   136   137   138   139   140   141
   142   143   144   145   146   147   148   149
